oldpi_prob
-1.3862907
-1.3862947
adv
-0.9999968784736427
0.9999968784736406
actions
2
0

oldpi_prob
-1.3874398
-1.3776097
-1.3776305
-1.3918338
-1.3874377
-1.3874308
-1.3883476
-1.3874358
-1.3776606
-1.3776574
-1.3776034
-1.3883474
-1.377623
-1.3918145
-1.3776373
-1.3874362
adv
-1.5661105523741226
-1.589964724767446
-1.5242782108875375
-1.4210267880134637
-0.20090245134426635
-0.14050393990218463
0.05367183167585546
0.1119227220339098
0.32389626799293575
0.3918605705559696
0.5284187446154248
0.6309443628513951
0.6476780153863203
0.6505972505542648
1.4983889634970613
1.605407938125882
actions
1
2
2
0
1
1
3
1
2
2
2
3
2
0
2
1

oldpi_prob
-1.3673991
-1.4010744
-1.367323
-1.3990053
-1.3990669
-1.3781154
-1.3781233
-1.401065
-1.3674113
-1.4009583
-1.3675088
-1.3989395
-1.4009991
-1.4009463
-1.4009701
-1.400988
adv
-1.4673410077558766
-1.510352582548999
-1.578206091377039
-1.7423932311948283
-0.9852487748805915
0.29698573136054146
0.6283946905692022
0.8400923841875683
0.8281946394515164
0.7609517827973209
0.6864752016008039
0.5956834846987439
0.7389697723034704
0.7238234095444852
0.6857525965275312
0.498217994716151
actions
2
3
2
0
0
1
1
3
2
3
2
0
3
3
3
3

oldpi_prob
-1.3893592
-1.3893813
-1.3876355
-1.3454608
-1.3893582
-1.4244478
-1.3893831
-1.4246475
-1.3893961
-1.3894027
-1.3894151
-1.3449639
-1.4247472
-1.3876647
-1.3876182
-1.4241652
adv
-0.017717198104521752
-0.4159838559760499
-0.3994649724438792
-0.47390620291280633
-0.7011403807572969
-0.8517087113871272
-1.0398168040255085
-0.9641330058158019
-1.121792198668052
-0.7564466558864356
-0.17130388819362935
0.7790541358785409
1.140669511922182
1.3830944927665918
1.7171983596936167
1.8933973739101764
actions
0
0
1
2
0
3
0
3
0
0
0
2
3
1
1
3

oldpi_prob
-1.4332719
-1.333653
-1.4324579
-1.3110255
-1.3109907
-1.4781773
-1.3108951
-1.3106507
-1.3333079
-1.4783287
-1.4323748
-1.432209
-1.3337281
-1.3113327
-1.311726
-1.3340982
adv
1.062579203435229
1.0397954878324582
0.6719059296432364
0.6782190758628144
0.7060358300061269
0.626002799850485
0.5641831207608892
0.44176495996016074
0.4074929278609145
-0.032057343800777634
-0.13685007571282296
-0.043249414251481766
-0.24223643226150618
-1.5670080013880343
-1.9290617191017063
-2.247516348695986
actions
1
0
1
2
2
3
2
2
0
3
1
1
0
2
2
0

oldpi_prob
-1.5682664
-1.2393746
-1.2382367
-1.2376428
-1.5979149
-1.2387248
-1.5662642
-1.2056935
-1.239303
-1.2381728
-1.567518
-1.5675128
-1.5667937
-1.5669999
-1.2065812
-1.2068378
adv
0.9048441776763141
0.802229389252782
0.9589542045398909
0.9812082200412369
0.9430111036906966
0.9239483577167951
0.8823024337560013
0.8602352223411207
-0.46424838960407616
-0.38191113209638416
-0.49757881629914624
-0.5394090563988341
-0.7535713830589499
-1.054500962960472
-1.3043816035777833
-2.261131765019194
actions
1
2
2
2
3
2
1
0
2
2
1
1
1
1
0
0

oldpi_prob
-0.8497134
-0.84839904
-1.7002596
-0.8490712
-1.5725431
-0.8493323
-0.8489064
-1.5718093
-1.6995618
-1.6986952
-1.6993246
-1.7040634
-1.6983114
-1.6997195
-1.7040173
-1.7041681
adv
1.9642051457999354
1.6425773939313422
1.0620095625794594
1.0677767004880823
0.5801883551678991
0.5908378206253908
0.22412614654264207
-0.3448631653622856
-0.4094672081869239
-0.46604921732661875
-0.7408063500076734
-0.9034059830347418
-0.9505810697205214
-1.0893859866741982
-1.1317284797457445
-1.0954336650760432
actions
0
0
1
0
2
0
0
2
1
1
1
3
1
1
3
3

oldpi_prob
-1.6084182
-1.5708454
-1.3376311
-1.6078082
-1.109694
-1.337978
-1.3381008
-1.1092595
-1.5714023
-1.5712426
-1.3379076
-1.3379344
-1.5710483
-1.3381156
-1.608683
-1.1100013
adv
-1.1070223496304628
-1.3059524259401833
-1.345965995776671
-1.2746955770626391
-1.25573864949267
-0.378685047763549
-0.3479788718549189
-0.3456896768232285
0.46893588571236755
0.546136511991052
0.6378065854578445
0.8276088489241202
0.9997862065184455
1.1490239453426387
1.2998066421414527
1.4326239682564035
actions
3
1
2
3
0
2
2
0
1
1
2
2
1
2
3
0

oldpi_prob
-1.4639239
-1.319531
-1.2824178
-1.2822502
-1.3194749
-1.3195157
-1.2820716
-1.3194784
-1.2816494
-1.4642214
-1.3193243
-1.4966093
-1.2815784
-1.2816399
-1.3192998
-1.2814898
adv
-1.2001543905487881
-1.284457602825077
-1.4391907275540277
-1.0633030761544449
-0.5292655267504853
-0.5330148011617619
-0.5984614453965329
-0.05494118621223138
-0.07815746816768748
0.4888896103709656
0.49250283705959685
0.5228585602273043
0.5355869466277166
1.1806759792602821
1.7466083631359928
1.8138239280891788
actions
1
2
0
0
2
2
0
2
0
1
2
3
0
0
2
0

oldpi_prob
-1.4384272
-1.3289726
-1.3288305
-1.4384549
-1.3182435
-1.4682027
-1.3288064
-1.4691846
-1.3180153
-1.4687766
-1.439031
-1.439297
-1.4389254
-1.4685217
-1.4383998
-1.4681218
adv
-1.1355244134249063
-1.20011215497683
-1.1724619186224556
-1.1513442658918134
-1.2777183137983563
-0.41339667440634875
-0.3921721363340897
-0.3593547110210068
-0.3363198619590843
0.49846925037829815
0.9290340409571589
1.0863220183000228
1.1335578191167839
1.2324177790960502
1.248992925899865
1.309610616686712
actions
1
2
2
1
0
3
2
3
0
3
1
1
1
3
1
3

oldpi_prob
-1.5530663
-1.5529296
-1.2613785
-1.2598773
-1.5520203
-1.2597597
-1.5532514
-1.2608402
-1.2595217
-1.5087583
-1.2597516
-1.2609037
-1.2595322
-1.2609973
-1.5086558
-1.2595361
adv
1.2457926305803182
1.2499172010025965
1.2092707313128295
0.7883843995708079
0.7492469717249584
0.74165639087253
0.6470812757787916
0.5069915187086365
-0.15902448979216335
-0.3063015310495637
-0.36581596299482033
-0.5289585687060285
-1.182263150157735
-1.3624625142593472
-1.6119895340963655
-1.6215253684954416
actions
3
3
0
2
3
2
3
0
2
1
2
0
2
0
1
2

oldpi_prob
-1.3001221
-1.6246536
-1.0808654
-1.6554227
-1.30018
-1.6554012
-1.2999724
-1.624594
-1.2998877
-1.3001674
-1.3000561
-1.0804412
-1.0797403
-1.300247
-1.3004597
-1.0792935
adv
1.450410703957624
1.2816460990332892
1.3018086640244224
1.096625201070939
0.8853768129524173
0.281559539348068
0.02111122361760497
-0.43628475032930214
-0.5724278470256247
-1.199847231678528
-1.4678322188819042
-0.9576142740431447
-1.0652837696650002
-1.2002957612216476
-0.30915150398623154
0.8901991128270165
actions
0
1
2
3
0
3
0
1
0
0
0
2
2
0
0
2

oldpi_prob
-1.1943581
-1.6635656
-1.6481944
-1.6632448
-1.6487465
-1.1940178
-1.1942925
-1.1942939
-1.1941721
-1.1541612
-1.1541058
-1.6635528
-1.1539271
-1.663577
-1.1535636
-1.1532779
adv
0.9371029592909162
1.0079837546201136
0.8068161265437798
0.716791742389022
0.6051142243869826
0.505996984187129
-0.026414532723312442
-0.4953404347839251
-0.9389729143097526
-1.51912727047655
-1.5938292506839202
-0.8751117347850126
-1.2684211630837798
0.18247754399689275
-0.028562116268509116
1.9834960816999205
actions
2
3
1
3
1
2
2
2
2
0
0
3
0
3
0
0

oldpi_prob
-1.4982748
-0.8962308
-0.89691526
-0.89694667
-1.4967308
-1.6890739
-1.4967487
-1.6939628
-0.8969305
-0.8971198
-0.89679
-0.8969146
-1.6939113
-1.6938834
-1.4968753
-0.89691603
adv
-1.6879174082697115
-1.739202610118441
-1.2293843064182504
-0.6960375694390247
-0.20944845415676247
-0.23247919224803354
-0.3356303489116116
-0.38911589617709136
-0.33444875417885284
0.20298441234776016
0.6855963848680425
1.0474351807187692
1.233842585820039
1.192683638215593
1.232379743672762
1.2587425942748134
actions
2
0
0
0
2
1
2
3
0
0
0
0
3
3
2
0

oldpi_prob
-1.6934206
-1.4951442
-1.6884388
-0.8979956
-1.4965339
-0.8971868
-0.89739525
-1.497091
-1.6888723
-0.8976793
-0.8977028
-1.6938362
-1.6938658
-1.6888335
-0.8968607
-0.8964571
adv
-1.3090742506934046
-1.6075684955210026
-1.3725487524989175
-1.7376710560530149
-0.20201259750119624
-0.28632068811839456
0.6447887410753113
0.9469363276452192
0.5304441925805099
-0.060544311932432475
0.46500018596494774
0.9668494527593533
0.6620041039637256
0.4283499853107153
0.11700015081482712
1.8143670122037534
actions
3
2
1
0
2
0
0
2
1
0
0
3
3
1
0
0

oldpi_prob
-1.6568991
-1.6700528
-1.0271692
-1.3357698
-1.6596642
-1.3478177
-1.6738436
-1.3554454
-1.0041895
-1.0040405
-1.674652
-1.6665891
-1.6746156
-1.3575829
-1.3574868
-1.0036882
adv
-1.3520677889980859
-1.6485494533295577
-1.5884367589253163
-1.0042395893553577
-0.8631456933976162
-0.42448205509403664
-0.12442500113869619
0.02887405244198177
0.046616404428753346
0.6933076042709074
1.108556136173308
1.1035331902955081
0.9660355665770904
1.0242821609583932
1.0286398401660173
1.0055013849267052
actions
1
3
0
2
1
2
3
2
0
0
3
1
3
2
2
0

oldpi_prob
-1.2633342
-1.094822
-1.0951855
-1.2629808
-1.2632109
-1.6444883
-1.6630025
-1.2629298
-1.095181
-1.0951141
-1.0951366
-1.6444471
-1.094979
-1.6443149
-1.0949798
-1.0948851
adv
-1.1960398307780273
-1.4554450981789457
-0.5882355966986255
0.0313562576923787
-0.15270196911773815
-0.36500118388731023
-0.6342021249587787
-0.9667935408606034
-1.0994490217492923
-0.06865654567580347
0.6057379393701775
0.6966431308366795
0.4451074003802988
1.2653088500773002
1.1570646461220397
2.32530668742625
actions
2
0
0
2
2
1
3
2
0
0
0
1
0
1
0
0

oldpi_prob
-1.661711
-1.0763468
-1.0763487
-1.0762959
-1.2893395
-1.0763147
-1.0759983
-1.0763007
-1.2894425
-1.6617138
-1.0765043
-1.6617515
-1.6402898
-1.0765015
-1.2892197
-1.6402484
adv
-1.7148473316533097
-1.834835819442881
-1.527641014601019
-0.4527929518953354
-0.8109770782855096
0.9215925788771214
0.8476358922334617
0.7262250828489362
0.44051136852457823
1.1193588324582395
0.7024381109644662
0.5825503519573891
0.28279410334487276
-0.16238399203100673
-0.4618603227834426
1.342232189483439
actions
3
2
2
2
0
2
2
2
0
3
2
3
1
2
0
1

oldpi_prob
-1.4595008
-1.6842809
-1.4590771
-1.4595265
-0.9295128
-1.4595642
-1.4595519
-0.9299296
-1.6844072
-1.6742163
-1.459667
-1.6741226
-0.93003875
-1.4595892
-1.4595872
-1.4598448
adv
-2.4488965875963733
-1.278668814498522
-1.5172212740705011
0.14828427862666763
1.1998435847795728
1.035138719974586
1.3251681118464704
0.9736605880626791
0.6965235155181689
0.3733617207598157
-0.025117694271053342
0.1531378784698225
-0.28657656847041996
-0.3070800845174909
-0.05828953548421545
0.016732160870792802
actions
0
3
0
0
2
0
0
2
3
1
0
1
2
0
0
0

oldpi_prob
-1.3152063
-1.0683173
-1.3152453
-1.0683959
-1.3149334
-1.3151222
-1.6277928
-1.0682576
-1.3142825
-1.0699918
-1.314581
-1.0697453
-1.0692892
-1.0694917
-1.0696073
-1.6273632
adv
1.2364099058602875
1.155690859340572
1.2374902106187984
1.025136395807473
0.949549158621383
0.6358488240862213
0.2839214101004035
0.2725732579386289
0.13977801454781355
-0.19299367548985313
-0.23877801634285806
-0.7867283045948142
-1.1100761627121298
-1.3784385601177063
-1.5341812003836
-1.6952021172806186
actions
0
2
0
2
0
0
1
2
0
2
0
2
2
2
2
1

oldpi_prob
-1.6481296
-1.0440742
-1.0427631
-1.6477375
-1.0429083
-1.0429418
-1.6179323
-1.0428461
-1.6181356
-1.042891
-1.0429181
-1.0435996
-1.3589058
-1.3592824
-1.617657
-1.6179054
adv
2.160435683986854
1.5034206226429905
1.0647902603869464
0.7719569760281048
0.553551738425907
0.3515310348945171
0.1875284822043311
-0.12391315882613928
-0.22826831509112516
-0.5035223936715704
-0.5612659734101364
-0.6808450860094264
-0.727836509274231
-0.6980892876737339
-1.376774857286744
-1.692699217326547
actions
3
2
2
3
2
2
1
2
1
2
2
2
0
0
1
1

oldpi_prob
-1.0893533
-1.362088
-1.6238141
-1.5588449
-1.0885942
-1.0885642
-1.6240089
-1.3621908
-1.6239631
-1.088758
-1.5592849
-1.3620986
-1.559132
-1.0894028
-1.362176
-1.6238937
adv
0.7104884488071369
0.377897553593803
0.43084633346039336
0.24445383464941745
-0.39746277779673667
-0.588270776931529
-1.0864616924473245
-1.6471288656540464
0.0795206022670703
-0.14921574393427756
-0.5150534136088225
-1.5826436449736692
1.0300200092851624
0.3183726501302573
0.18330985404252056
2.5913276291106446
actions
2
0
3
1
2
2
3
0
3
2
1
0
1
2
0
3

oldpi_prob
-1.5250808
-1.1492643
-1.5247467
-1.3243742
-1.5255697
-1.5250859
-1.1486274
-1.1485839
-1.525394
-1.3244545
-1.3243332
-1.1486808
-1.5255914
-1.3244407
-1.3243977
-1.6124476
adv
-0.6689448918387688
-0.9468915494365795
-1.1549371825404022
-1.223460288463956
-0.15647983607008747
-0.33981476676270667
-0.17418297369798863
-0.30825049591038767
-0.5046634822932143
-0.6267952741963961
-0.2182799196034474
0.7112042231701599
0.7435711998702986
0.7058007422851326
1.5126703065302616
2.649454188958079
actions
1
2
1
0
1
1
2
2
1
0
0
2
1
0
0
3

oldpi_prob
-1.6262331
-1.5254828
-1.5258045
-1.6266546
-1.1497978
-1.3116747
-1.3116866
-1.5257928
-1.1503799
-1.3116175
-1.6264234
-1.3116665
-1.1501559
-1.1502041
-1.626756
-1.626869
adv
0.13226136278902403
1.1627150396566728
1.7079963192734617
2.1181969414960173
1.1031663700448178
-0.09566495277572278
-0.46744134281036853
0.20265511768176986
0.016538655242220087
-1.0955230273483252
-0.8412664204465353
-1.3623421655430108
-0.1989483843182573
-0.6485152243724437
-0.7848232829437504
-0.9490050056255697
actions
3
1
1
3
2
0
0
1
2
0
3
0
2
2
3
3

oldpi_prob
-1.1398876
-1.2722967
-1.1401865
-1.5754898
-1.5758084
-1.2724283
-1.1393468
-1.6452234
-1.2724417
-1.1395068
-1.1392044
-1.5759636
-1.1393795
-1.575981
-1.6449826
-1.2724317
adv
0.4926590621695805
0.10442148821202722
0.8094187013046356
0.9088251535345677
1.5024862117766122
1.4625049421117686
0.6945403579983533
0.5271059700202015
0.19592416615435512
-0.1841817638560692
-0.33760666547047213
-0.6205620700304875
-0.7881737940835917
-1.1914197609708623
-1.5611782923321902
-2.014763706538429
actions
2
0
2
1
1
0
2
3
0
2
2
1
2
1
3
0

oldpi_prob
-1.2085859
-1.6517446
-1.6081498
-1.6080651
-1.6517352
-1.1730117
-1.6080568
-1.1729336
-1.6517818
-1.1733518
-1.2086828
-1.208699
-1.6080345
-1.6080887
-1.2086496
-1.2087909
adv
0.7556423703824707
0.6858631792990108
0.7679656146121413
0.8777377847236681
0.9373813629503953
0.7236431357278681
0.6974094511724137
0.6980850989886829
0.4136007011338829
0.18517358376725732
0.17762551553261086
-0.633383267563769
-1.2237856213170168
-1.3033559640637755
-1.4794413997926132
-2.280161545553229
actions
0
3
1
1
3
2
1
2
3
2
0
0
1
1
0
0

oldpi_prob
-2.3978956
-2.3978932
adv
-0.9999987635762803
0.9999987635762803
actions
2
6

oldpi_prob
-2.397807
-2.3979914
-2.39787
-2.3979475
-2.399357
-2.3979077
-2.3993497
-2.3979862
-2.3978078
-2.3979914
-2.3978703
-2.3979914
-2.3978264
-2.3978703
-2.397908
-2.397827
adv
-1.8936229661052297
-0.8802266574977636
-0.8214883658691512
-0.40113329700028383
-0.5171264615630827
-0.5587527527747921
-0.6911471970646494
-0.7511542765956392
-0.7587304831539842
0.288228763646622
0.7291169658364764
0.9464643190717138
1.1557329406775394
1.3081945845325387
1.4222214793889463
1.4234234044707392
actions
0
1
3
8
6
9
6
7
0
1
3
1
4
3
9
4

oldpi_prob
-2.3982723
-2.3958492
-2.3997598
-2.3997638
-2.3997176
-2.3997726
-2.3953655
-2.3996758
-2.3997118
-2.3945203
-2.3945231
-2.3997483
-2.3945584
-2.3996613
-2.3999975
-2.3945644
adv
0.770667385940214
0.9076868227480106
1.0649457052460423
1.1710356293662618
1.2830643272701738
1.2315777591584285
0.7768601190658563
-0.1338892653459861
-0.15332657786309045
-0.279975571358614
-0.46925037001938136
-0.8138938711808181
-1.0555456703687325
-1.2921664368554022
-1.4884852503421748
-1.51930473546079
actions
10
8
3
3
4
3
0
1
4
2
2
3
2
1
6
2

oldpi_prob
-2.3969657
-2.4016356
-2.3927748
-2.4012246
-2.4016814
-2.3969638
-2.4012167
-2.3903117
-2.3905053
-2.4031065
-2.3977027
-2.39893
-2.4037938
-2.4038124
-2.3904924
-2.390365
adv
0.9706343983882006
1.1428599114645965
1.3320907655873948
0.34638161875079027
0.4393582509930123
0.6045266220157495
0.7877337637681414
0.9208587674618091
0.3660135251975003
-0.16859943534384658
-0.5073901337304213
-0.5799470938417985
-0.6768407862622059
-1.2595708572322397
-1.6168768471025177
-2.1012324701141645
actions
8
9
7
10
9
8
10
2
2
4
6
5
3
3
2
2

oldpi_prob
-2.3781908
-2.391289
-2.3785532
-2.3959048
-2.3958988
-2.395903
-2.3958995
-2.3906221
-2.3906012
-2.4040258
-2.3928173
-2.3905969
-2.3928163
-2.4040213
-2.3928163
-2.4095144
adv
0.14182428837085406
-0.2578870881013058
-0.6676212599775223
-0.6897368194882035
-0.8284767446944843
-0.7562230021378133
-0.760393194235384
-0.7564050981293413
-0.7982986861520993
-0.7074702737719202
-0.8720545920847736
0.7702976334505248
0.9124927690204566
1.7414224098579367
1.7394421008234464
1.7890875572496283
actions
2
1
2
7
7
7
7
6
6
8
0
6
0
8
0
10

oldpi_prob
-2.4236913
-2.4090593
-2.4090767
-2.408951
-2.4089468
-2.379129
-2.4307063
-2.3478813
-2.347559
-2.418375
-2.423572
-2.3829358
-2.423651
-2.3829725
-2.36905
-2.4244673
adv
-1.0482858383279396
-1.2235528183906423
-1.2151979911381723
-1.0045025553285951
-0.9036714044736144
-0.7405680672814415
-0.5426013690075232
-0.2278723947518809
-0.28912636873393316
-0.02645761979751671
0.9150889411802813
0.8848097635291406
1.3173125272420838
1.1026420187075663
1.350645792068999
1.6513373845031887
actions
8
3
3
3
3
1
10
2
2
4
8
5
8
5
6
9

oldpi_prob
-2.4514458
-2.3990357
-2.450565
-2.342011
-2.4256687
-2.450363
-2.3718698
-2.403985
-2.3990264
-2.4507043
-2.4493258
-2.3718648
-2.4044178
-2.4044318
-2.3718593
-2.399029
adv
-1.6107595422007692
-1.7841102680711503
-1.3726848603218695
-1.3271404500113044
-1.2590695337573847
0.6109875332440251
0.6293013086293241
0.48296993816084205
0.6159785640351223
0.7406895367808037
0.7336344353499755
0.7085490338176468
0.7270224598064099
0.7658911316086792
0.7379442944892952
0.6007964184403541
actions
10
3
8
1
0
8
6
5
3
8
9
6
5
5
6
3

oldpi_prob
-2.4692013
-2.4691982
-2.4691775
-2.4258964
-2.469333
-2.4695473
-2.4262211
-2.4784384
-2.4783847
-2.4778824
-2.192342
-2.4613988
-2.4450302
-2.4524713
-2.1931329
-2.1933908
adv
0.9394636487470952
0.7405199031458128
0.25101685570524235
-0.01093028213684539
-0.20042117230342782
-0.5256049722930664
-0.7805854830467176
-0.5216937587577523
-0.7812969440118843
-1.0372984458599495
-1.2531187627996052
-1.0343867777454185
-0.7345206517932322
1.2766778100477827
1.6497730013362215
2.0224060317657444
actions
10
10
10
6
10
10
6
9
9
8
2
4
0
5
2
2

oldpi_prob
-2.3742003
-2.4522257
-2.3743625
-2.403803
-2.4150646
-2.4149718
-2.4148276
-2.372671
-2.4225588
-2.4387183
-2.3454263
-2.415242
-2.4389842
-2.4037807
-2.4366245
-2.372628
adv
-0.3596266826508993
-0.422420666845928
-1.026462339606968
-1.120852136224063
-0.0751201237639513
-0.018233634852486733
-0.09674629053785655
-0.1777192983847801
-0.19029551960418115
-0.08067743584860095
-0.40269905722459726
-0.2205595698890087
-0.26826009328146877
-0.5716618892630277
2.401865146299669
2.6294695916781436
actions
7
9
7
0
6
6
6
3
4
10
2
6
10
0
5
3

oldpi_prob
-2.426084
-2.3737438
-2.4266102
-2.3368435
-2.3873734
-2.373825
-2.3868897
-2.336039
-2.3873217
-2.426521
-2.3806949
-2.3361948
-2.3808227
-2.426314
-2.4294572
-2.336652
adv
-0.9356859173242565
-1.0320893497848922
-1.1519455093501616
-1.3798422912049966
-1.4471874942748417
-0.8915771609533001
-0.939784669876591
0.5673381934560008
0.6569123042018539
0.7865534496808555
0.6789141584957494
0.885939671684666
0.9782634314992086
1.1168922846337985
1.1348440991585735
0.9724547999583336
actions
5
7
8
1
3
7
0
1
3
8
2
1
2
5
9
1

oldpi_prob
-2.426203
-2.3783314
-2.4201534
-2.392944
-2.389616
-2.4072723
-2.407501
-2.4265947
-2.352897
-2.4199333
-2.3523023
-2.3523066
-2.3929605
-2.4015093
-2.4073756
-2.426547
adv
-1.8828778142131641
-2.0962520779801155
-0.5620024803309659
-0.7193122901711468
-0.7321176045142946
-0.3728106459965177
-0.21058744974498958
0.05926029604818942
0.31293069297182663
0.5393235417836759
0.47903643413747393
0.5012664684692195
0.8476074196424566
1.3387379261272994
1.2004517285260692
1.297345855244984
actions
9
0
8
3
2
6
6
5
1
8
1
1
3
4
6
9

oldpi_prob
-2.3948889
-2.4160225
-2.3618798
-2.3939636
-2.4262795
-2.4094324
-2.416014
-2.423618
-2.3617013
-2.3615203
-2.4050105
-2.3614936
-2.405048
-2.4235892
-2.4160674
-2.366781
adv
-1.780053445691823
-0.799082615141784
-0.6033146327553062
0.10812061263122073
0.29033273919504643
0.09899449239421797
0.3486404518800593
0.6886406690354083
1.0030060708502557
1.382103989444757
1.310383483043418
0.8871346427035898
0.8930377113155008
-1.4008561759412412
-1.1848395326863668
-1.2422484602769566
actions
3
10
7
2
5
6
10
9
7
7
4
7
4
9
10
0

oldpi_prob
-2.4213085
-2.4094648
-2.385319
-2.4105506
-2.376862
-2.385292
-2.3855827
-2.3770285
-2.3926332
-2.3776593
-2.3928413
-2.396584
-2.4207282
-2.4054272
-2.404821
-2.396657
adv
2.0631533181468855
1.6518947491836784
1.4603782611411342
0.7166918693960093
0.10360816899849457
-0.26478432897784465
-0.8845838760618117
-1.1438516919134993
-0.906628811667857
-1.1674279949503077
-1.3445854120350018
-0.3818278582104848
-0.06548663524731382
0.1998011092337215
0.0627759277807051
-0.09912679481650857
actions
5
6
1
4
7
1
1
7
3
7
3
2
5
10
8
2

oldpi_prob
-2.4050612
-2.3680182
-2.4280689
-2.4237795
-2.4282713
-2.3953826
-2.3770137
-2.3272352
-2.3276968
-2.389799
-2.3680074
-2.367755
-2.3953712
-2.428263
-2.3273177
-2.4052017
adv
-0.8363016026501581
-0.995617891237713
-1.1264854152470551
-1.048607853018924
-1.0994008375550743
-1.017455624958813
-0.7428982909937802
-0.7397165581219848
-0.08388239941027424
1.013762552303987
1.1427789528795598
1.2237914224841406
1.2300253843410285
1.1749129953205373
1.112820356950421
0.7922748089141022
actions
10
7
4
6
4
2
3
0
0
1
7
7
2
4
0
10

oldpi_prob
-2.4478724
-2.3948693
-2.4337244
-2.4337583
-2.447748
-2.4018755
-2.3948712
-2.4136622
-2.4082365
-2.3717356
-2.4132273
-2.3193111
-2.4018474
-2.4133134
-2.394875
-2.394875
adv
0.9003426394396206
0.8890147126166245
0.9590429122384176
0.8403711869578528
0.535916799425703
0.5547496473586827
0.637574702302674
0.19700695473163243
0.34800261518954984
0.2352759091488802
0.23074615338285265
0.3553655358191269
-1.5150831797985471
-1.5338208610788118
-1.568376411894197
-2.0661293158400587
actions
5
2
4
4
5
10
2
8
1
7
9
0
10
9
2
2

oldpi_prob
-2.3926175
-2.3865085
-2.4348905
-2.3171015
-2.4559362
-2.3793483
-2.4313362
-2.4420981
-2.3924394
-2.4201016
-2.4314134
-2.4314213
-2.316156
-2.4202156
-2.386701
-2.316312
adv
1.6298334263798813
1.3794736129363996
1.5357200725429982
1.0306131222396917
0.717280085276687
0.5873842368011677
0.11665609273494344
-0.0027675150135160675
-0.23556634359964776
-0.6732631901110993
-0.6315400457787063
-0.7199613737049381
-0.8876413474732501
-1.2473626865845346
-1.2911023514204103
-1.3077557952256673
actions
7
9
1
3
5
2
6
4
7
8
6
6
3
8
9
3

oldpi_prob
-2.1556826
-2.426143
-2.4088564
-2.3835437
-2.4734123
-2.4085712
-2.44643
-2.4465094
-2.4784856
-2.355788
-2.4473903
-2.4084182
-2.4733508
-2.4262748
-2.4086528
-2.3834434
adv
1.6958650766561711
1.7284454102180415
1.8454625897921915
0.8799288930156772
0.7219059702054895
0.2827472663654418
-0.6309822114406555
-0.7251818836863797
-0.8098384465933792
-0.9246184071352774
-0.9155684308410312
-0.8886328086806109
-0.6364287058817539
-0.5769891862171038
-0.5845194909656469
-0.46159563481117366
actions
3
8
0
2
4
0
7
7
1
10
6
0
4
8
0
2

oldpi_prob
-2.432091
-2.4319167
-2.4011707
-2.4651482
-2.3252935
-2.4317994
-2.4522128
-2.2963502
-2.3244271
-2.4210074
-2.4665987
-2.3379593
-2.3895044
-2.465398
-2.3255525
-2.4050033
adv
-0.48509218068549287
-0.7121019835773624
-0.6316520959755082
-0.7719493625786948
-0.4837200131452313
-0.7669419871881478
-0.9096766077803906
-0.7140998180969979
-0.7428200685738792
-1.0559896975830396
0.7031107572530788
0.708939041737636
0.7480387913471668
1.3762806105861436
1.882691845044479
1.8549827692162397
actions
7
7
8
1
10
7
4
3
10
0
5
9
2
1
10
6

oldpi_prob
-2.3599827
-2.3600526
-2.394161
-2.3718717
-2.3624878
-2.4355102
-2.4230063
-2.3600647
-2.3622751
-2.3619745
-2.394101
-2.4355905
-2.3941033
-2.4352214
-2.3941524
-2.3721828
adv
0.6470538296324551
0.5611199484742271
0.5982315145966863
0.7682415465069596
0.6081831152815494
0.8579097825505931
1.1727659440518317
0.7637208958574965
0.8179553187879088
0.002096198263135222
-0.29349121507394227
-0.31519154708247304
-1.0763026787172698
-1.2019164679075978
-1.6806545123559484
-2.229721672865613
actions
10
10
2
9
3
1
4
10
3
3
8
1
8
1
2
9

oldpi_prob
-2.3933275
-2.3879168
-2.3966043
-2.3933256
-2.3957348
-2.4180512
-2.3879707
-2.4005075
-2.4095776
-2.3966131
-2.3862839
-2.400514
-2.4126682
-2.387927
-2.4093397
-2.417806
adv
0.8095019942783882
0.8843812721418896
1.0263633437140027
0.8931666250995485
1.0220829517639685
0.695193853660286
0.5174069917934392
0.6157389897952832
0.6105232160280543
-0.09772872137400315
-0.532810208593408
-0.5256974464913318
-0.697100419693903
-1.6468109598822824
-1.721383337038717
-1.852828145201212
actions
8
9
7
8
2
5
9
6
4
7
10
6
1
9
4
5

oldpi_prob
-2.397421
-2.3990312
-2.3977513
-2.3949847
-2.3999755
-2.3977501
-2.3978589
-2.3978748
-2.397754
-2.3990629
-2.3973808
-2.3967128
-2.3948998
-2.3975515
-2.3974338
-2.401014
adv
1.6091780991105369
1.5675940033854403
1.7057927005293962
1.7811122982934262
-0.15918791201857
-0.48005277588060097
-0.7165646159909708
-0.7703336160730273
-0.9288124536456402
-0.9548081561240942
-1.0132955512033188
-0.5047760230119012
-0.556661061770221
-0.269625959732738
-0.25970018965232844
-0.04985878621538918
actions
3
6
8
0
4
10
10
10
8
6
3
9
0
2
3
5

oldpi_prob
-2.3949566
-2.4007385
-2.3972864
-2.3981473
-2.3949583
-2.3996751
-2.4010577
-2.3977277
-2.3996851
-2.4010625
-2.3960686
-2.394835
-2.3948026
-2.3981264
-2.398132
-2.3981304
adv
-0.2505888716734254
-0.8840105828753424
-0.5039700038799494
0.12347170468021076
-1.4665433537728112
-2.2149249565178804
-0.4944284665665676
-0.3784139161338692
-0.167156204508708
0.69519437740404
0.9300866429785586
0.6478066185848106
0.9807843970376772
1.0692563804669495
1.8814707785740568
0.0319654562022478
actions
1
6
5
0
1
3
8
2
3
8
10
9
9
0
0
0

